x p0 p1 p2 p3 p3 p4 p5 p6
1 1.0 0.0 0.0 0.0 0.0 0.0 0.0
2 0.0 1.0 0.0 0.0 0.0 0.0 0.0
3 0.3333333333333333 0.0 0.6666666666666666 0.0 0.0 0.0 0.0
4 0.13793103448275865 0.1724137931034483 0.0 0.6896551724137931 0.0 0.0 0.0
5 0.0847457627118644 0.06779661016949153 0.1694915254237288 0.0 0.6779661016949152 0.0 0.0
6 0.06611570247933884 0.04132231404958678 0.06611570247933884 0.1652892561983471 0.0 0.6611570247933884 0.0
7 0.03385631709331132 0.03303055326176713 0.04128819157720892 0.06606110652353427 0.16515276630883569 0.0 0.6606110652353427
8 0.6800491601802539 0.016796394920114706 0.03277345350266283 0.040966816878328545 0.06554690700532566 0.16386726751331418 0.0
9 0.02215477996965099 0.5037936267071321 0.02488619119878605 0.04855842185128983 0.0606980273141123 0.09711684370257966 0.2427921092564492
10 0.401081634144559 0.008891812224414725 0.4043947477405054 0.01997612609320569 0.038977807011133035 0.0487222587639163 0.07795561402226607
11 0.1845427387491568 0.22665510263081814 0.010049697820729911 0.457054750203059 0.022577403323283642 0.04405346989909001 0.055066837373862525
12 0.16656238015461314 0.0901910125211096 0.22154492057404676 0.009823116619233123 0.4467499613130681 0.022068371582934693 0.0430602372349945
13 0.1316585428158923 0.08277433794907152 0.08964210698071609 0.22019659072443262 0.009763332800585266 0.44403102599922034 0.02193406273008197
14 0.08178235729062791 0.0662608736038523 0.08331703856324216 0.09022983534821952 0.22164028484492146 0.009827344991301789 0.4469422653578348
15 0.49235285689767355 0.0405303504774492 0.06567618051317427 0.08258184003454587 0.08943363755558954 0.2196845070817197 0.009740627439847872

